GAMEINIT
  SHAPES
    SHAPE_TYPE 1
      HEXES 14  -2 -2  -1 -2   0 -2  -2 -1   1 -1  -2  0   2  0  -2  1   2  1  -1  2   2  2   0  3   1  3   2  3
    SHAPE_TYPE 2
      HEXES 20  -3 -3  -2 -3  -1 -3   0 -3  -3 -2   1 -2  -3 -1   2 -1  -3  0   3  0  -3  1   3  1  -2  2   3  2  -1  3   3  3   0  4   1  4   2  4   3  4
    SHAPE_TYPE 3
      HEXES 26  -4 -4  -3 -4  -2 -4  -1 -4   0 -4  -4 -3   1 -3  -4 -2   2 -2  -4 -1   3 -1  -4  0   4  0  -4  1   4  1  -3  2   4  2  -2  3   4  3  -1  4   4  4   0  5   1  5   2  5   3  5   4  5
    SHAPE_TYPE 4
      HEXES 7  -1 -1   0 -1  -1  0   0  0   1  0   0  1   1  1
    SHAPE_TYPE 5
      HEXES 10  -1 -1   0 -1  -1  0   0  0   1  0  -1  1   0  1   1  1   0  2   1  2
    SHAPE_TYPE 6
      HEXES 18  -3 -3  -2 -3  -1 -3   0 -3  -3 -2   1 -2  -3 -1   2 -1  -3  0   3  0  -2  1   3  1  -1  2   3  2   0  3   1  3   2  3   3  3
  END_OF_SHAPES
END_OF_GAMEINIT