427a428,437
>       POINT 11 7 0 0 0 0 0 100 350 0 0 0 0 0 NO NO
>       POINT 29 -6 0 0 0 0 0 100 350 0 0 0 0 0 NO NO
>       POINT 36 -26 0 0 0 0 0 100 350 0 0 0 0 0 NO NO
>       POINT 25 -43 0 0 0 0 0 100 350 0 0 0 0 0 NO NO
>       POINT 7 -51 0 0 0 0 0 100 350 0 0 0 0 0 NO NO
>       POINT -19 -49 0 0 0 0 0 100 350 0 0 0 0 0 NO NO
>       POINT -34 -38 0 0 0 0 0 100 350 0 0 0 0 0 NO NO
>       POINT -42 -20 0 0 0 0 0 100 350 0 0 0 0 0 NO NO
>       POINT -32 -4 0 0 0 0 0 100 350 0 0 0 0 0 NO NO
>       POINT -14 5 0 0 0 0 0 100 350 0 0 0 0 0 NO NO
588a599,610
>       POINT -26 -13 0 0 0 0 0 100 350 0 0 0 0 0 NO NO
>       POINT -4 -4 0 0 0 0 0 100 350 0 0 0 0 0 NO NO
>       POINT 19 -11 0 0 0 0 0 100 350 0 0 0 0 0 NO NO
>       POINT 36 -23 0 0 0 0 0 100 350 0 0 0 0 0 NO NO
>       POINT 38 -44 0 0 0 0 0 100 350 0 0 0 0 0 NO NO
>       POINT 26 -62 0 0 0 0 0 100 350 0 0 0 0 0 NO NO
>       POINT 9 -68 0 0 0 0 0 100 350 0 0 0 0 0 NO NO
>       POINT -9 -71 0 0 0 0 0 100 350 0 0 0 0 0 NO NO
>       POINT -29 -65 0 0 0 0 0 100 350 0 0 0 0 0 NO NO
>       POINT -37 -56 0 0 0 0 0 100 350 0 0 0 0 0 NO NO
>       POINT -44 -37 0 0 0 0 0 100 350 0 0 0 0 0 NO NO
>       POINT -40 -22 0 0 0 0 0 100 350 0 0 0 0 0 NO NO
5107a5130,5141
>       POINT -30 -48 0 0 0 0 0 100 350 0 0 0 0 0 NO NO
>       POINT -49 -30 0 0 0 0 0 100 350 0 0 0 0 0 NO NO
>       POINT -57 -5 0 0 0 0 0 100 350 0 0 0 0 0 NO NO
>       POINT -49 14 0 0 0 0 0 100 350 0 0 0 0 0 NO NO
>       POINT -32 24 0 0 0 0 0 100 350 0 0 0 0 0 NO NO
>       POINT 5 26 0 0 0 0 0 100 350 0 0 0 0 0 NO NO
>       POINT 28 14 0 0 0 0 0 100 350 0 0 0 0 0 NO NO
>       POINT 48 -3 0 0 0 0 0 100 350 0 0 0 0 0 NO NO
>       POINT 48 -33 0 0 0 0 0 100 350 0 0 0 0 0 NO NO
>       POINT 34 -46 0 0 0 0 0 100 350 0 0 0 0 0 NO NO
>       POINT 15 -56 0 0 0 0 0 100 350 0 0 0 0 0 NO NO
>       POINT -11 -55 0 0 0 0 0 100 350 0 0 0 0 0 NO NO
5217a5252,5266
>       POINT -20 -55 0 0 0 0 0 100 350 0 0 0 0 0 NO NO
>       POINT -39 -41 0 0 0 0 0 100 350 0 0 0 0 0 NO NO
>       POINT -53 -23 0 0 0 0 0 100 350 0 0 0 0 0 NO NO
>       POINT -52 -5 0 0 0 0 0 100 350 0 0 0 0 0 NO NO
>       POINT -49 13 0 0 0 0 0 100 350 0 0 0 0 0 NO NO
>       POINT -36 22 0 0 0 0 0 100 350 0 0 0 0 0 NO NO
>       POINT -15 28 0 0 0 0 0 100 350 0 0 0 0 0 NO NO
>       POINT 11 28 0 0 0 0 0 100 350 0 0 0 0 0 NO NO
>       POINT 26 19 0 0 0 0 0 100 350 0 0 0 0 0 NO NO
>       POINT 41 5 0 0 0 0 0 100 350 0 0 0 0 0 NO NO
>       POINT 57 -12 0 0 0 0 0 100 350 0 0 0 0 0 NO NO
>       POINT 51 -31 0 0 0 0 0 100 350 0 0 0 0 0 NO NO
>       POINT 38 -44 0 0 0 0 0 100 350 0 0 0 0 0 NO NO
>       POINT 19 -54 0 0 0 0 0 100 350 0 0 0 0 0 NO NO
>       POINT -6 -58 0 0 0 0 0 100 350 0 0 0 0 0 NO NO
9398a9448,9460
>       POINT -47 -3 0 0 0 0 0 100 350 0 0 0 0 0 NO NO
>       POINT -43 12 0 0 0 0 0 100 350 0 0 0 0 0 NO NO
>       POINT -29 24 0 0 0 0 0 100 350 0 0 0 0 0 NO NO
>       POINT -9 30 0 0 0 0 0 100 350 0 0 0 0 0 NO NO
>       POINT 14 28 0 0 0 0 0 100 350 0 0 0 0 0 NO NO
>       POINT 38 14 0 0 0 0 0 100 350 0 0 0 0 0 NO NO
>       POINT 46 -9 0 0 0 0 0 100 350 0 0 0 0 0 NO NO
>       POINT 42 -30 0 0 0 0 0 100 350 0 0 0 0 0 NO NO
>       POINT 30 -42 0 0 0 0 0 100 350 0 0 0 0 0 NO NO
>       POINT 8 -49 0 0 0 0 0 100 350 0 0 0 0 0 NO NO
>       POINT -18 -50 0 0 0 0 0 100 350 0 0 0 0 0 NO NO
>       POINT -32 -40 0 0 0 0 0 100 350 0 0 0 0 0 NO NO
>       POINT -43 -24 0 0 0 0 0 100 350 0 0 0 0 0 NO NO
9553a9616,9630
>       POINT -36 -3 0 0 0 0 0 100 350 0 0 0 0 0 NO NO
>       POINT -24 4 0 0 0 0 0 100 350 0 0 0 0 0 NO NO
>       POINT -11 8 0 0 0 0 0 100 350 0 0 0 0 0 NO NO
>       POINT 2 10 0 0 0 0 0 100 350 0 0 0 0 0 NO NO
>       POINT 24 4 0 0 0 0 0 100 350 0 0 0 0 0 NO NO
>       POINT 30 -2 0 0 0 0 0 100 350 0 0 0 0 0 NO NO
>       POINT 41 -23 0 0 0 0 0 100 350 0 0 0 0 0 NO NO
>       POINT 37 -38 0 0 0 0 0 100 350 0 0 0 0 0 NO NO
>       POINT 24 -49 0 0 0 0 0 100 350 0 0 0 0 0 NO NO
>       POINT -4 -56 0 0 0 0 0 100 350 0 0 0 0 0 NO NO
>       POINT 16 -52 0 0 0 0 0 100 350 0 0 0 0 0 NO NO
>       POINT -19 -55 0 0 0 0 0 100 350 0 0 0 0 0 NO NO
>       POINT -28 -48 0 0 0 0 0 100 350 0 0 0 0 0 NO NO
>       POINT -40 -33 0 0 0 0 0 100 350 0 0 0 0 0 NO NO
>       POINT -43 -25 0 0 0 0 0 100 350 0 0 0 0 0 NO NO
